# oST version 5.0 parameters


[image]

width
640

height
480

[narrow_stereo]

camera matrix
768.732994 0.000000 252.146734
0.000000 750.957456 213.212877
0.000000 0.000000 1.000000

distortion
-0.200671 -0.672456 -0.025019 -0.043717 0.000000

rectification
1.000000 0.000000 0.000000
0.000000 1.000000 0.000000
0.000000 0.000000 1.000000

projection
-1687.623169 0.000000 -544.260367 0.000000
0.000000 -6294.350098 -1772.725337 0.000000
0.000000 0.000000 1.000000 0.000000

